9.999938493782524196e-01 1.598767192888266844e-03 3.121722141320495622e-03 -1.606610714382625607e-03 9.999955551397577969e-01 2.511673294819472511e-03 -3.117692684838855362e-03 -2.516673238706650453e-03 9.999919731418508428e-01
9.999909799930833953e-01 -2.074070866875958510e-03 3.706502733216772427e-03 2.075041798185890338e-03 9.999978137835793257e-01 -2.581270958567846718e-04 -3.705959256110152172e-03 2.658159156451248006e-04 9.999930975801236688e-01
9.999953046544654001e-01 -1.313256161929521500e-03 2.768759158139511012e-03 1.303475345789910063e-03 9.999929150121291688e-01 3.531412970340472302e-03 -2.773377191358089577e-03 -3.527787379835271853e-03 9.999899314968910824e-01
9.999821105575030789e-01 -9.003146733360806175e-04 5.913374540039255389e-03 8.980519084522608705e-04 9.999995225246957053e-01 3.852961854996558161e-04 -5.913718604358330841e-03 -3.799787754746215829e-04 9.999824416200511212e-01
9.999797072908224171e-01 2.147389437805914767e-03 5.997810030667023729e-03 -2.138942769694074549e-03 9.999967122610996517e-01 -1.414351731111714028e-03 -6.000827475402401717e-03 1.401494057684256334e-03 9.999810127617506650e-01
9.999841641481400645e-01 -2.660096265105628237e-03 4.959368992755213562e-03 2.652127021282606103e-03 9.999951825514856729e-01 1.612791395153515949e-03 -4.963635281617069170e-03 -1.599612978713704087e-03 9.999864016890978036e-01
9.999850445596013548e-01 -3.286813466435820064e-03 4.371214290018521353e-03 3.284929820682578119e-03 9.999945086676836903e-01 4.380303078479405587e-04 -4.372630010142758775e-03 -4.236646247379148578e-04 9.999903502609812644e-01
9.999926511592026612e-01 3.536257408526823326e-05 3.833585407599732209e-03 -2.858843421689349798e-05 9.999984382846165420e-01 -1.767091120898899546e-03 -3.833641909521068314e-03 1.766968538623293590e-03 9.999910904662565603e-01
9.999914410179716606e-01 -5.202888694532385077e-04 4.104532895813876349e-03 5.338695927255249869e-04 9.999943850118212518e-01 -3.308311969442867539e-03 -4.102788571015810598e-03 3.310474938965558833e-03 9.999861038442585670e-01
9.999829973920798531e-01 -9.831121642555333984e-04 5.747905464100470929e-03 9.877011304664702097e-04 9.999991957429514855e-01 -7.955877874319689652e-04 -5.747118689275441256e-03 8.012514730894489123e-04 9.999831641697015661e-01
9.999906988837974353e-01 -1.408057760126273008e-03 4.076704458090878169e-03 1.408755907334316437e-03 9.999989935259092633e-01 -1.683863489290379767e-04 -4.076463257288144570e-03 1.741278642358422279e-04 9.999916760287552719e-01
9.999970938450563063e-01 1.858071132754302328e-03 1.536187848918932385e-03 -1.857473878354932951e-03 9.999981987949001505e-01 -3.901252957755393241e-04 -1.536909962479786340e-03 3.872707332093789506e-04 9.999987439637844089e-01
9.999948359800807651e-01 3.053699481282633101e-03 1.001465251170226972e-03 -3.053722067967478467e-03 9.999953371588629070e-01 2.102531129524395914e-05 -1.001396376514647468e-03 -2.408339925792646330e-05 9.999994983125175541e-01
9.999994880517699691e-01 9.679511755711052781e-04 2.949012036193646158e-04 -9.677714533519258524e-04 9.999993462889900098e-01 -6.089663436401647825e-04 -2.954904605274163640e-04 6.086806349145084533e-04 9.999997710966099795e-01
9.999976331009595709e-01 1.601162889806342481e-03 1.473115704587692545e-03 -1.600921983680638188e-03 9.999987049605597589e-01 -1.646997424706638652e-04 -1.473377507961200553e-03 1.623410093277485172e-04 9.999989014014544209e-01
9.999903057318264565e-01 -4.162667925854233661e-03 1.435492287563129576e-03 4.159212519915376181e-03 9.999884661718193568e-01 2.401764881414737013e-03 -1.445473480479037703e-03 -2.395771080567238309e-03 9.999960854360113727e-01
9.999923121205228638e-01 3.453768272705706830e-03 1.856659518891884408e-03 -3.452957876195642505e-03 9.999939419383504502e-01 -4.395093901207007547e-04 -1.858166234721212590e-03 4.330950441162988163e-04 9.999981798218069429e-01
9.999896010856619277e-01 -4.037802544935211596e-03 2.119875266798232176e-03 4.034700253128584505e-03 9.999907864545112268e-01 1.465673891365662507e-03 -2.125773836999651951e-03 -1.457105588672877143e-03 9.999966789589340710e-01
9.999977796581098755e-01 -1.907804373664800197e-03 8.949644251843597714e-04 1.907692950663068127e-03 9.999981724974428277e-01 1.253370662982478123e-04 -8.952019082378412547e-04 -1.236294706820888906e-04 9.999995916645654237e-01
9.999997834221728832e-01 5.677267883389928863e-04 3.329292724484657351e-04 -5.677022179275678171e-04 9.999998361271754677e-01 -7.389055508860448845e-05 -3.329711675379432023e-04 7.370153439915060056e-05 9.999999418491408720e-01
9.999971835318999247e-01 1.568676484799601039e-03 1.781062142004144477e-03 -1.565969633856061777e-03 9.999976184012582259e-01 -1.520174633877767554e-03 -1.783442562429744804e-03 1.517381263124001258e-03 9.999972584396062958e-01
9.999993471522571342e-01 -4.419771675526418730e-04 1.053732054501344342e-03 4.420029290232472619e-04 9.999999020235150748e-01 -2.421508719934253873e-05 -1.053721248744726724e-03 2.468082404505009264e-05 9.999994445310391722e-01
9.999980932219779683e-01 -5.917414228325191183e-05 1.951935149767984601e-03 5.833561268981971265e-05 9.999999060019220121e-01 4.296429952436574967e-04 -1.951960390045567872e-03 -4.295283086769401126e-04 9.999980026760392215e-01
9.999496864048726952e-01 8.211046964873968540e-03 5.762236244538629371e-03 -8.225258672046542596e-03 9.999631779688907818e-01 2.447003501159880634e-03 -5.741931606625165496e-03 -2.494276267257240776e-03 9.999804042116662295e-01
9.999996932188774945e-01 -7.719403145207723131e-04 1.329296868589737238e-04 7.719384099911450999e-04 9.999997019521368324e-01 1.437805711536691011e-05 -1.329407462414868013e-04 -1.427543917333941315e-05 9.999999910614849608e-01
9.999991956370060109e-01 -1.518755490919792878e-04 -1.259229588741963765e-03 1.462504518398567124e-04 9.999900167508602999e-01 -4.465983589445755852e-03 1.259895291249101684e-03 4.465795834277530574e-03 9.999892346077640104e-01
9.999975426918115140e-01 -4.588777213714097681e-04 2.168880258487979051e-03 4.697912785550954415e-04 9.999872186992087020e-01 -5.034057446605094688e-03 -2.166542520566701324e-03 5.035063997404179426e-03 9.999849769991789872e-01
9.999970052753099914e-01 2.333175686551429689e-03 -7.387365073471610644e-04 -2.335355643603140297e-03 9.999928805472415583e-01 -2.963944811998254700e-03 7.318158439758460504e-04 2.965661148271132863e-03 9.999953346388792408e-01
9.999935110661798410e-01 -1.466448620822933396e-03 -3.290494488102292669e-03 1.458742108668813165e-03 9.999961906606175122e-01 -2.343231894975025820e-03 3.293918182672692790e-03 2.338416707030187280e-03 9.999918409218697679e-01
9.999983572193616999e-01 6.182547710503517608e-04 -1.703913030496894548e-03 -6.131900656954301096e-04 9.999953976234134956e-01 2.971317878479160304e-03 1.705742219902137841e-03 -2.970268174712594952e-03 9.999941339580195043e-01
9.999969773971394416e-01 -2.021285514826664208e-03 -1.399857654266187246e-03 2.029273653936357596e-03 9.999815319744874698e-01 5.728678590603494998e-03 1.388252506605030037e-03 -5.731501969340262528e-03 9.999826111688909780e-01
9.999998387810897782e-01 4.028799439598093829e-05 -5.664050419896984705e-04 -3.900473141862989405e-05 9.999974330899792374e-01 2.265456263904657569e-03 5.664948587681775151e-04 -2.265433806193709737e-03 9.999972734429052323e-01
9.999950317858600224e-01 3.032753591939268013e-03 -8.595401371943598226e-04 -3.033362929696752260e-03 9.999951483592433021e-01 -7.084965151969995108e-04 8.573872716630586213e-04 7.111002924233469219e-04 9.999993796115278499e-01
9.999934476315155418e-01 3.564571232392376929e-03 -6.312891287843557311e-04 -3.566806731881148190e-03 9.999872443700494884e-01 -3.576169309800501794e-03 6.185335660499552760e-04 3.578397563735732229e-03 9.999934062218128750e-01
9.999832060093624131e-01 5.320768159547246100e-03 2.297199475585206402e-03 -5.312310385458457462e-03 9.999791465251970379e-01 -3.672311684112604391e-03 -2.316691090074599751e-03 3.660046574712891992e-03 9.999906184567255440e-01
9.999666215615853337e-01 8.073439555860663017e-03 1.255124076175635067e-03 -8.074494390686810796e-03 9.999670499074209129e-01 8.376394120862655501e-04 -1.248320088558036584e-03 -8.477459453034314613e-04 9.999988615112361812e-01
9.999990339386223281e-01 1.180055954218805266e-03 -7.345677414591841869e-04 -1.176790609374327515e-03 9.999894953749393078e-01 4.429932689804083785e-03 7.397875935478241682e-04 -4.429063977797128432e-03 9.999899180024751644e-01
9.999979952070370270e-01 -1.715290419526225348e-03 1.033131494039121311e-03 1.711034535312023607e-03 9.999901053040529675e-01 4.106294534915334166e-03 -1.040164759192598650e-03 -4.104518578979128238e-03 9.999910354520727962e-01
9.999957890453200493e-01 -2.389946302507305227e-03 1.646222433160676301e-03 2.388175719687231444e-03 9.999965686930903930e-01 1.076670226937690485e-03 -1.648789968494168007e-03 -1.072734224684075048e-03 9.999980653645901274e-01
9.999943398848533116e-01 7.073563758949045262e-04 3.289353312396950391e-03 -7.037815476765233846e-04 9.999991606713288794e-01 -1.087818078072228314e-03 -3.290120026601759534e-03 1.085496934731589036e-03 9.999939983852977887e-01
9.999977016026895260e-01 -2.093295196667281644e-03 4.635779957682974184e-04 2.094765196055533088e-03 9.999927066238876172e-01 -3.193533748838068079e-03 -4.568896058627733986e-04 3.194497495879888502e-03 9.999947932052628552e-01
9.999964140954794578e-01 -2.557153221962175146e-03 7.954643810620934050e-04 2.558490111298158259e-03 9.999953088099138299e-01 -1.684187197230350291e-03 -7.911539246696873418e-04 1.686216345648711840e-03 9.999982653734471594e-01
9.999954618024987640e-01 -3.003401681592107134e-03 2.365433275072536048e-04 3.003930292061346170e-03 9.999929185040939972e-01 -2.267012233018233722e-03 -2.297329040738026532e-04 2.267712504535855655e-03 9.999974023480208141e-01
9.999976104189134407e-01 8.912861347385232129e-04 1.996187739029309932e-03 -8.884507983173237523e-04 9.999985959728336926e-01 -1.420812281709853825e-03 -1.997451286614267824e-03 1.419035371973357412e-03 9.999969982589800299e-01
9.999874840340544635e-01 -4.970055374240655958e-03 5.747389137917870150e-04 4.971341300950519494e-03 9.999850933643684714e-01 -2.258055518396090075e-03 -5.635076854037281147e-04 2.260884479949520562e-03 9.999972854265438693e-01
9.999919963007011248e-01 -5.126614954503315620e-04 3.967935575272085735e-03 5.174759733250554154e-04 9.999991311347886658e-01 -1.212414237846098919e-03 -3.967310569574653001e-03 1.214457845371025302e-03 9.999913927324505236e-01
9.999859669141749619e-01 -4.498455023581135470e-03 -2.798191759510459953e-03 4.506436071588381005e-03 9.999857775930915960e-01 2.852480582508577084e-03 2.785320206882595240e-03 -2.865050425683990723e-03 9.999920167068350185e-01
9.999967748353447705e-01 -2.516759291323618364e-03 3.409421923980769653e-04 2.515880966263970599e-03 9.999935773727198773e-01 2.552558769908824104e-03 -3.473641786542660398e-04 -2.551692767514046611e-03 9.999966840955761826e-01
9.999996163263947802e-01 3.701513728383587520e-04 -7.939364108612567694e-04 -3.696219061034171144e-04 9.999997092911853125e-01 6.669311744242770526e-04 7.941830455467577266e-04 -6.666374622509045264e-04 9.999994624337475990e-01
9.999990583373284947e-01 1.110818029988448318e-03 8.058583999574699293e-04 -1.109974810155548016e-03 9.999988368607006795e-01 -1.046056005328883237e-03 -8.070194405029938560e-04 1.045160537772482634e-03 9.999991281791562603e-01
9.999995439661224506e-01 -7.394990250340749806e-04 6.043250274979910380e-04 7.400433656589072489e-04 9.999993202538165482e-01 -9.010148289874970323e-04 -6.036583171227793976e-04 9.014616448215235361e-04 9.999994114815964341e-01
9.999951975888022870e-01 -3.030014604373579973e-03 -6.510075498785475312e-04 3.032063597494142910e-03 9.999903793407941555e-01 3.169829048258264448e-03 6.413966584471915422e-04 -3.171787721729425052e-03 9.999947641727804371e-01
9.999901923104630441e-01 1.082191176416336597e-04 4.427592066333843959e-03 -1.326854584126558787e-04 9.999847229685655536e-01 5.525959106750476940e-03 -4.426926411452000373e-03 -5.526492386942119875e-03 9.999749297879646504e-01
9.999995022374658094e-01 -8.042119033995887402e-04 5.905658602947325142e-04 8.034832919468310949e-04 9.999989171189495041e-01 1.232953984299628089e-03 -5.915567770526861113e-04 -1.232478860779763832e-03 9.999990655277818385e-01
9.999996925141109161e-01 -2.190674470780880735e-04 7.529814992240473071e-04 2.216625335050967827e-04 9.999940308537538236e-01 -3.448060698721302358e-03 -7.522216467127293416e-04 3.448226546278068336e-03 9.999937719287455007e-01
9.999981314473271876e-01 1.761809800256674326e-03 7.956934597111234297e-04 -1.759642851337615485e-03 9.999947637998795047e-01 -2.715884728533513905e-03 -8.004741656321024551e-04 2.714479517451517943e-03 9.999959954130113182e-01
9.999977272328474109e-01 -3.593942394547607836e-04 -2.101514910721281881e-03 3.599700707849692329e-04 9.999998977724634530e-01 2.736359085954466475e-04 2.101416352719317343e-03 -2.743917691559148719e-04 9.999977543767134547e-01
9.999947697871673924e-01 2.249216134885245397e-03 -2.324096617728609038e-03 -2.246528088606550289e-03 9.999968054173348220e-01 1.158562329689621223e-03 2.326695050295049527e-03 -1.153335121829690557e-03 9.999966281484351516e-01
9.999947485157872906e-01 3.228355019035129402e-03 2.840153485898812280e-04 -3.228801529194661509e-03 9.999935297341832063e-01 1.585979336023410867e-03 -2.788934065856112088e-04 -1.586888036469829601e-03 9.999987020015713712e-01
9.999984672095463267e-01 1.744859536539659570e-03 1.450646615897069336e-04 -1.744677125474019879e-03 9.999976990403230959e-01 -1.248205025722860101e-03 -1.472422702444367570e-04 1.247950021489281983e-03 9.999992104699172435e-01
9.999964392276302627e-01 2.667443516706056224e-03 7.922843701598306088e-05 -2.667344040994141120e-03 9.999956859450461755e-01 -1.230189848404830352e-03 -8.250955715555577386e-05 1.229974138479441453e-03 9.999992401776069961e-01
9.999986280464184807e-01 -1.238836066888716458e-03 -1.099631974939728127e-03 1.233456842757343040e-03 9.999873363422371320e-01 -4.879112560148085587e-03 1.105662470190609849e-03 4.877749517648216626e-03 9.999874924568532553e-01
9.999835840722229863e-01 -2.043621815578618335e-03 5.353054823720060362e-03 2.068736386228663474e-03 9.999868605957937806e-01 -4.690305483976003886e-03 -5.343399277160140737e-03 4.701302547551231004e-03 9.999746725985216855e-01
9.999933165790946266e-01 -3.360287338657970586e-03 -1.440578406262247452e-03 3.365176012644364827e-03 9.999885418603690068e-01 3.404664209135738195e-03 1.429121249879379552e-03 -3.409489254228868782e-03 9.999931664743907378e-01
9.999969576703525709e-01 -1.768069559450277271e-03 1.720052345665114280e-03 1.755089666852788525e-03 9.999701940676333223e-01 7.518685829387229680e-03 -1.733294637443301076e-03 -7.515644108968121129e-03 9.999702549492794912e-01
9.999979618918941604e-01 -1.577502795541121852e-03 1.260038486608888817e-03 1.571553902934763689e-03 9.999876809029478730e-01 4.708318242668541910e-03 -1.267450349262589813e-03 -4.706328428205485900e-03 9.999881219506250307e-01
9.999843177052787357e-01 -5.531612831343925979e-03 8.749874240884490673e-04 5.532410782244333303e-03 9.999842800550826638e-01 -9.121807138737694082e-04 -8.699278387929651468e-04 9.170071986463190772e-04 9.999992011613574316e-01
9.999843345026083741e-01 -5.334926617223388970e-03 -1.693902997233973085e-03 5.334126250815701339e-03 9.999856598409383457e-01 -4.766651064735203530e-04 1.696421679759571588e-03 4.676221468336745624e-04 9.999984517403075479e-01
9.999977421268622102e-01 -1.965872959031224679e-03 8.068981884055172193e-04 1.966795443804404599e-03 9.999974114279706061e-01 -1.144051152728380386e-03 -8.046470404665558018e-04 1.145635573286576080e-03 9.999990200306564381e-01
9.999937316809626164e-01 -3.466490606940241578e-03 7.211391366085430354e-04 3.466700321130344181e-03 9.999939489947887727e-01 -2.897631658031786517e-04 -7.201303116995370901e-04 2.922613227515670487e-04 9.999996979977811007e-01
9.999978771573238001e-01 -1.390445828426914660e-03 1.520638432969470544e-03 1.391989782130884090e-03 9.999985163264477617e-01 -1.014745953174318177e-03 -1.519225227560955238e-03 1.016860512189313170e-03 9.999983289733072045e-01
9.999986436871515227e-01 -1.182490672681173150e-03 1.146446538850484816e-03 1.184101262524795643e-03 9.999983116650045245e-01 -1.405194413796356789e-03 -1.144782973977047889e-03 1.406550016707169837e-03 9.999983555431444238e-01
9.999992544746070244e-01 -6.797716116551141656e-04 1.014377043303859097e-03 6.802894935752025647e-04 9.999996384080704903e-01 -5.102841692799682527e-04 -1.014029799821158581e-03 5.109738588952375538e-04 9.999993553244324040e-01
9.999998277079783504e-01 7.895211298199855232e-05 5.816791019750064407e-04 -7.854056441470238397e-05 9.999997466325084572e-01 -7.075071011591149532e-04 -5.817348137770114724e-04 7.074612938563103193e-04 9.999995805414740868e-01
9.999953775744191420e-01 -2.413103768247619810e-03 1.849799989123178390e-03 2.418213961919110991e-03 9.999932525871076949e-01 -2.765324843447315023e-03 -1.843114491958756582e-03 2.769785273099442668e-03 9.999944655939403404e-01
9.999993827785603751e-01 -1.108943219832211283e-03 6.846484171466049595e-05 1.109231093474564046e-03 9.999898864706860957e-01 -4.358504643176008136e-03 -6.363081512079926672e-05 4.358577896344709157e-03 9.999904993297891176e-01
9.999962487202981309e-01 -2.119090663262433814e-03 1.735511478564186888e-03 2.122785736819129878e-03 9.999954783654587676e-01 -2.130030364324922432e-03 -1.730989903758028969e-03 2.133706492998023452e-03 9.999962254781540327e-01
9.999947494023806449e-01 -3.150177472902116436e-03 7.599668145949339815e-04 3.146923715691344551e-03 9.999860370105417839e-01 4.245309774214216236e-03 -7.733296824025369387e-04 -4.242895926208845730e-03 9.999906998544344505e-01
9.999992087068605429e-01 -3.826943193175326940e-04 1.198386711692889586e-03 3.737124895060633988e-04 9.999719081027471645e-01 7.486210277987550600e-03 -1.201217976883115282e-03 -7.485756502119293720e-03 9.999712598494833182e-01
9.999985407846735397e-01 5.931016597439723020e-04 1.602079568786842455e-03 -6.023602713718085146e-04 9.999830862863672287e-01 5.784833903831035698e-03 -1.598621477082113121e-03 -5.785790491596544578e-03 9.999819843565984634e-01
9.999988661209086027e-01 -1.496332558569361294e-03 -1.695457774287742470e-04 1.496507100827269929e-03 9.999983455891474637e-01 1.034062602679705276e-03 1.679981953903800229e-04 -1.034315156637544142e-03 9.999994509842308199e-01
9.999994822997535504e-01 -5.335143618366436705e-04 8.664656081530386356e-04 5.385605191585212878e-04 9.999828365453296009e-01 -5.834086674447805376e-03 -8.633381675807738631e-04 5.834550298307539240e-03 9.999826061837401303e-01
9.999980196098858798e-01 3.272374752458860180e-04 1.963082255223418462e-03 -3.233823344129804224e-04 9.999980194225353003e-01 -1.963816404899482171e-03 -1.963721001509139905e-03 1.963177689654527908e-03 9.999961448591626612e-01
9.999987568660791970e-01 1.562835264916705592e-03 2.093137141007291036e-04 -1.563370903416468061e-03 9.999954399529996651e-01 2.583784941796660184e-03 -2.052747293963593650e-04 -2.584108964776204997e-03 9.999966401159273710e-01
9.999709134222475315e-01 7.608888044808646660e-03 5.264334692870117904e-04 -7.611661186414785119e-03 9.999559974418211761e-01 5.483228439100788429e-03 -4.846890335504332181e-04 -5.487075983955863948e-03 9.999848284217550676e-01
9.999946900215476164e-01 3.242565806394906349e-03 3.251087512480405062e-04 -3.243652402412909933e-03 9.999889614337813537e-01 3.399371953701928184e-03 -3.140824752537602071e-04 -3.400408442891099392e-03 9.999941692703115947e-01
9.999787482858901733e-01 -2.403813239626803946e-03 -6.060087333808028554e-03 2.415442717684967294e-03 9.999952540934069489e-01 1.912440101061542441e-03 6.055461424364777523e-03 -1.927037252250227151e-03 9.999798087533399160e-01
9.999791038753339523e-01 -5.120505894373714000e-03 -3.946166756424522928e-03 5.108899619593861539e-03 9.999826110206836427e-01 -2.945641005491897012e-03 3.961181308743746965e-03 2.925418883169474127e-03 9.999878754099957856e-01
9.999884159782012061e-01 1.819344575633413631e-03 -4.456219779452697677e-03 -1.833850284185365061e-03 9.999930266872871787e-01 -3.253239913298896363e-03 4.450269940449171416e-03 3.261374267605761379e-03 9.999847791518349238e-01
9.999788106022288181e-01 4.954316445441765346e-03 -4.222924947270799423e-03 -4.967953916557828545e-03 9.999824591182608913e-01 -3.225041035149242563e-03 4.206872999606064978e-03 3.245951995003062973e-03 9.999858829079594225e-01
9.999623224029393631e-01 3.179900584919256954e-03 -8.077252428240075388e-03 -3.207066610653771209e-03 9.999892374989851618e-01 -3.352552751687720278e-03 8.066504712346579675e-03 3.378330722124459323e-03 9.999617584604211240e-01
9.999438807973913823e-01 -2.898568785030638389e-03 -1.018987511456739305e-02 2.894031885343818257e-03 9.999957065020429470e-01 -4.599531786714725068e-04 1.019116457028567541e-02 4.304375429766069128e-04 9.999479760908679404e-01
9.998965531425501041e-01 -5.394682058291321025e-03 -1.333343238394642249e-02 5.417275285823270475e-03 9.999839503888011683e-01 1.658943424333033517e-03 1.332426891521368284e-02 -1.731002685577891914e-03 9.999097296694222647e-01
9.998293000434713695e-01 -4.746278867412939695e-03 -1.785619252514333496e-02 4.729252034104662432e-03 9.999883213505628143e-01 -9.956594202798485505e-04 1.786070966619617006e-02 9.110430264391844446e-04 9.998400697365673606e-01
9.997746158041174169e-01 1.235608938278422424e-03 -2.119412334306941537e-02 -1.288122142109813552e-03 9.999961340945469068e-01 -2.464251875864478802e-03 2.119099655694828277e-02 2.490997091997487756e-03 9.997723423852107327e-01
9.996600136404464321e-01 4.147097165325118809e-03 -2.574215829109353926e-02 -4.187012264111866430e-03 9.999901141109109881e-01 -1.496866309211482282e-03 2.573569615694387691e-02 1.604140127553707607e-03 9.996674950591164510e-01
9.996311687494288112e-01 1.536060754329528211e-03 -2.711396286067427330e-02 -1.576756140874457403e-03 9.999976623309990709e-01 -1.479585282774966912e-03 2.711162674431828734e-02 1.521791672928891632e-03 9.996312539358606086e-01
9.994555201396634336e-01 -5.001639219954188975e-05 -3.299485961049608562e-02 -1.724112649942387103e-05 9.999979228490376570e-01 -2.038136490219180641e-03 3.299489301542574832e-02 2.037595634495955460e-03 9.994534432573288774e-01
9.992881495774914580e-01 3.628567456080799940e-04 -3.772349995660085470e-02 -3.971139362425211636e-04 9.999995155885572640e-01 -9.006237682646703324e-04 3.772315488549624063e-02 9.149631864113078050e-04 9.992878096063477766e-01
9.991117871275311257e-01 -1.060295706989473636e-03 -4.212496404562024455e-02 1.056483401378891050e-03 9.999994355636333543e-01 -1.127618599906371477e-04 4.212505982967471030e-02 6.815737815717669290e-05 9.991123433773190232e-01
9.988425161743086367e-01 9.813641873838976556e-04 -4.809017370427770555e-02 -1.019065305244426945e-03 9.999991923661092352e-01 -7.594557478594679556e-04 4.808938956235075946e-02 8.075837176601888268e-04 9.988427095494363250e-01
9.987005171234122347e-01 -3.168009042016440516e-03 -5.086492717127231999e-02 3.272183007071683639e-03 9.999927159512062014e-01 1.964907860080207687e-03 5.085833182279347192e-02 -2.128793846307718268e-03 9.987036088454687155e-01
9.985039418509360498e-01 -3.506347673234834570e-04 -5.467865363560071856e-02 4.602537910455509890e-04 9.999979096369024933e-01 1.992206885096263480e-03 5.467784080036337813e-02 -2.014392485376301917e-03 9.985020159961246478e-01
9.984012299721952699e-01 -3.687994189240113158e-04 -5.652298627104121453e-02 3.574604388219635581e-04 9.999999139098463274e-01 -2.107186150890824616e-04 5.652305911787136594e-02 1.901769930070795755e-04 9.984012758508820085e-01
9.981849063081754680e-01 -1.033980766644270952e-03 -6.021481298079997546e-02 1.165136792745945921e-03 9.999970248594872713e-01 2.143065194577107452e-03 6.021241794507761758e-02 -2.209333824533546431e-03 9.981831412968559247e-01
9.979705974570004523e-01 -1.409739686633518620e-04 -6.367626510449031496e-02 2.068723651927975322e-04 9.999994498957707201e-01 1.028305392408463553e-03 6.367608511161544638e-02 -1.039391406398994071e-03 9.979700776327727896e-01
9.975840187252139613e-01 1.283659166541131075e-03 -6.945846099069982738e-02 -1.190629854452553106e-03 9.999983379845238662e-01 1.380734854943639969e-03 6.946011794261582051e-02 -1.294699708088800551e-03 9.975838890880625032e-01
9.979137631528621766e-01 1.334255886207276086e-03 -6.454720033683361557e-02 -1.279644627993305932e-03 9.999987875133693471e-01 8.874014972267453560e-04 6.454830609488731996e-02 -8.029526893619867711e-04 9.979142605691428969e-01
9.980704312133146239e-01 -1.006203979988552766e-05 -6.209198206229027406e-02 -1.435503949893859182e-04 9.999969405061109873e-01 -2.469488145655632239e-03 6.209181694033846788e-02 2.473636426961384194e-03 9.980673761785198161e-01
9.979433955424283909e-01 -8.609216697999340015e-04 -6.409553890191223291e-02 7.765154217249615673e-04 9.999987983225846477e-01 -1.341781348217510605e-03 6.409661704838963414e-02 1.289250660294664896e-03 9.979428648553420045e-01
9.980055951671613634e-01 -3.744894112645228562e-03 -6.301434585175831604e-02 3.382453974887653786e-03 9.999771246526032442e-01 -5.857403573248737283e-03 6.303483973286282127e-02 5.632578414653116594e-03 9.979954323744447686e-01
9.980710877107035195e-01 9.940341034803939352e-04 -6.207347075984678830e-02 -1.033121410419125460e-03 9.999992877659003021e-01 -5.976017433022492997e-04 6.207283251249079425e-02 6.605784536169723165e-04 9.980714038083563500e-01
9.982577870045754587e-01 5.488980039939418167e-03 -5.874744064934905863e-02 -5.442233657331420511e-03 9.999847342618126689e-01 9.556862198135743225e-04 5.875178956888604809e-02 -6.343039120778803594e-04 9.982724201744733739e-01
9.983140302064268390e-01 -1.959753808061431412e-03 -5.801083052338529972e-02 1.968780705180693622e-03 9.999980571027822229e-01 9.845402778756867646e-05 5.801052486864819585e-02 -2.124986410966117623e-04 9.983159489103594630e-01
9.985025103986837625e-01 -3.050371210771857071e-03 -5.462080155950060911e-02 3.134509880671198893e-03 9.999940291673766746e-01 1.454811810427130217e-03 5.461603771177317435e-02 -1.623842687047592770e-03 9.985061099260202910e-01
9.987439906230246578e-01 -7.574560429131533840e-04 -5.009857737240405728e-02 8.304149723722281141e-04 9.999986248614003426e-01 1.435509067234245692e-03 5.009742114489870723e-02 -1.475308663129722836e-03 9.987432462144509859e-01
9.989913395915656080e-01 4.032230672411692661e-03 -4.472185748438749220e-02 -4.086429891718071708e-03 9.999910226758806919e-01 -1.120561638616499045e-03 4.471693763876803673e-02 1.302184107693747650e-03 9.989988487504678494e-01
9.989490480402976047e-01 1.561221061994325088e-02 -4.309359928042494348e-02 -1.581249431510211439e-02 9.998656825302159046e-01 -4.310675343914029123e-03 4.302051188582253771e-02 4.987562324852125306e-03 9.990617397233954033e-01
9.992886014565276476e-01 2.376405820208733234e-03 -3.763832746595834056e-02 -2.506483120158830256e-03 9.999910475102136154e-01 -3.409170250031873239e-03 3.762988893719194927e-02 3.501084803745987961e-03 9.992856117566049079e-01
9.993307075579921372e-01 -3.619724475696617892e-03 -3.640102369937720656e-02 3.804379818475741703e-03 9.999802390322670709e-01 5.004821591924099589e-03 3.638218830470963533e-02 -5.139955222592793027e-03 9.993247306228693061e-01
9.994361319100839580e-01 -1.123342757980278113e-02 -3.164219236112927186e-02 1.137383024857489822e-02 9.999262384854709085e-01 4.260701089473038772e-03 3.159199610796988023e-02 -4.618191540696231501e-03 9.994901790857212420e-01
9.996010538397442913e-01 -4.017664193905420150e-03 -2.795695864892078913e-02 4.106177004585032791e-03 9.999867355396423463e-01 3.109349638829493612e-03 2.794409549224081274e-02 -3.222905396452514781e-03 9.996042919115173397e-01
9.996980012742570088e-01 5.631669379998096962e-03 -2.392050476578540252e-02 -5.561386708906494898e-03 9.999800242220491242e-01 3.003686858524971803e-03 2.393694270640192578e-02 -2.869748571646341465e-03 9.997093514202044506e-01
9.996886106096410929e-01 7.312333950228556284e-03 -2.385815561952898262e-02 -7.250309594251698117e-03 9.999701109601412119e-01 2.685181027487638927e-03 2.387707746255451902e-02 -2.511365876015060616e-03 9.997117475619077265e-01
9.997638805348664226e-01 5.991639240630758367e-03 -2.088739900215784429e-02 -5.838688675217224011e-03 9.999557516781901745e-01 7.375933856775171091e-03 2.093066870453760137e-02 -7.252237235209378803e-03 9.997546259771270538e-01
9.997564514333631136e-01 1.728307130158038534e-03 -2.200115387503630282e-02 -1.606326617513033914e-03 9.999832487813088422e-01 5.560743797097148639e-03 2.201039600204979241e-02 -5.524048446830459938e-03 9.997424805201537978e-01
9.998502000700862924e-01 -9.972008873818283443e-04 -1.727955468750837914e-02 1.003630869716791571e-03 9.999994303154254860e-01 3.634472476027657967e-04 1.727918241369480121e-02 -3.807350977298971928e-04 9.998506312924445583e-01
9.998360012126303875e-01 -1.984618760361932764e-03 -1.800088796455835000e-02 1.892951414586173690e-03 9.999851624807373218e-01 -5.107989165556645061e-03 1.801075828716208749e-02 5.073076655191275514e-03 9.998249229135930394e-01
9.999440679833179191e-01 8.340272334061336022e-04 -1.054349579349694865e-02 -8.401273765167955807e-04 9.999994822667470640e-01 -5.741534889774496664e-04 1.054301147513261872e-02 5.829792548752224524e-04 9.999442509681345514e-01
9.999020472193271836e-01 2.614546284647393474e-03 -1.374991324784929740e-02 -2.639496212629774755e-03 9.999949024199795700e-01 -1.796717506711549214e-03 1.374514555548449722e-02 1.832834357177376416e-03 9.999038512236452236e-01
9.999244892131625706e-01 3.619737095494193323e-03 -1.174365254747162038e-02 -3.630771610340200340e-03 9.999929869661633441e-01 -9.184312733974478449e-04 1.174024570908896101e-02 9.610004422003996100e-04 9.999306191475687555e-01
9.999371486596515535e-01 2.918906373571910143e-03 -1.082491182356509415e-02 -2.930576528118892209e-03 9.999951415255768916e-01 -1.062377736064386291e-03 1.082175824986292972e-02 1.094034196708809636e-03 9.999408445690964875e-01
9.999602878915621051e-01 2.047400356568743716e-03 -8.673568562221872780e-03 -2.036610219942897558e-03 9.999971415080312065e-01 1.252674969494754938e-03 8.676108496075002341e-03 -1.234960544753338149e-03 9.999615992696004874e-01
9.999810879769297500e-01 1.796174389250941150e-03 -5.881959370758981648e-03 -1.794467218568289446e-03 9.999983462812878088e-01 2.955031157509321882e-04 5.882480418781154546e-03 -2.849425439174109453e-04 9.999826574655530376e-01
9.999814585985395965e-01 2.153289604011304585e-03 -5.696121752480630060e-03 -2.147107843981964272e-03 9.999970996552247637e-01 1.091150330983713460e-03 5.698454794427865872e-03 -1.078899911832008687e-03 9.999831816525397432e-01
9.999729112305415502e-01 6.147446600242656781e-04 -7.334772942553555858e-03 -6.159899830633080043e-04 9.999997962457446432e-01 -1.675255519209863098e-04 7.334668462623917390e-03 1.720391605206164631e-04 9.999730861583577823e-01
9.999746029764127186e-01 3.739536428941610865e-03 -6.067064320049933221e-03 -3.734440353295753658e-03 9.999926647916851374e-01 8.510687814268884377e-04 6.070202419580995185e-03 -8.283900769901209049e-04 9.999812330301331986e-01
9.999939945130165153e-01 1.645478032530778767e-03 -3.050137692867290959e-03 -1.645406509116232327e-03 9.999986459808724026e-01 2.595845864018152217e-05 3.050176276995961687e-03 -2.093958633344792340e-05 9.999953479822858426e-01
9.999912830139117137e-01 1.185090005912079608e-03 -4.003680540252130271e-03 -1.186685865063200149e-03 9.999992173825861252e-01 -3.962459752553837596e-04 4.003207819756871705e-03 4.009936322901194467e-04 9.999919067328789657e-01
9.999952321919244325e-01 2.326502511221589190e-03 -2.030512123691036522e-03 -2.327326235745924305e-03 9.999972104047002430e-01 -4.034047718523550360e-04 2.029567937169208039e-03 4.081285126332893400e-04 9.999978571402566851e-01
9.999808550600671753e-01 6.128775350213837465e-03 8.530099904157234514e-04 -6.128256692657634702e-03 9.999810364175157895e-01 -6.093236084380049961e-04 -8.567282218021124440e-04 6.040844787914435160e-04 9.999994505491972552e-01
9.999955746623465647e-01 2.698800158398962246e-03 1.251851999270378255e-03 -2.698727666908765782e-03 9.999963566521907765e-01 -5.959298980971403092e-05 -1.252008267908463410e-03 5.621431846529467702e-05 9.999992146573154495e-01
9.999995940927650651e-01 -8.151234113691468173e-04 3.839116161672220806e-04 8.146653801794085780e-04 9.999989580693626756e-01 1.191713265721023804e-03 -3.848826095404767056e-04 -1.191400022493264640e-03 9.999992162153745756e-01
9.999859300568865184e-01 2.989267558074595963e-03 4.382233189796521516e-03 -2.990842800448005687e-03 9.999954651318843091e-01 3.529518518569187201e-04 -4.381158249426633441e-03 -3.660534564300306796e-04 9.999903356819307421e-01
9.999732071823087542e-01 1.076066678596168929e-03 7.240649006099938306e-03 -1.066292449135676501e-03 9.999985153443258223e-01 -1.353635681416932163e-03 -7.242094858480988689e-03 1.345878764340873585e-03 9.999728699681867949e-01
9.999860628768703075e-01 2.656234930479834614e-03 4.562725940743327969e-03 -2.642017866179100210e-03 9.999916453777926151e-01 -3.119121063723431786e-03 -4.570972939213706343e-03 3.107022788695151805e-03 9.999847261912450103e-01
9.999925324845067021e-01 -7.585259137560188946e-04 3.789408088449606332e-03 7.581517696397294288e-04 9.999997075859209383e-01 1.001696871265403410e-04 -3.789482961676873818e-03 -9.729599265946575759e-05 9.999928151503753027e-01
9.999867358279049823e-01 -2.641497246098144062e-03 4.421612890171033351e-03 2.653052307161994118e-03 9.999930759102648725e-01 -2.609491326405992753e-03 -4.414689310374222270e-03 2.621187483943588845e-03 9.999868198603754088e-01
9.999922442557549473e-01 -1.652599004989176428e-03 3.574960820335634781e-03 1.655418182447842938e-03 9.999983210731285821e-01 -7.857745000963188911e-04 -3.573656248080835096e-03 7.916864609737459327e-04 9.999933010843464753e-01
9.999861747000550194e-01 -3.700585924629415293e-03 3.735782724810652461e-03 3.697141388251161398e-03 9.999927344680178409e-01 9.285239524010110296e-04 -3.739191665030689588e-03 -9.146993983494538377e-04 9.999925908579037070e-01
9.999940970563302445e-01 -2.076276673367812627e-03 2.737686554588994112e-03 2.064777103642439094e-03 9.999890624499313541e-01 4.196626742812504390e-03 -2.746369969218152157e-03 -4.190949257846375564e-03 9.999874466193614531e-01
9.999804793365619782e-01 -5.768213953077762010e-03 2.401802159008592508e-03 5.756750844442146998e-03 9.999721360096304190e-01 4.752580778047516344e-03 -2.429149137973353467e-03 -4.738661427910687701e-03 9.999858220606616666e-01
9.999708838421305090e-01 -3.650846428322776678e-03 -6.700954286152388528e-03 3.693094837857251525e-03 9.999733142031163036e-01 6.303327070230936580e-03 6.677762986726454297e-03 -6.327890801247772201e-03 9.999576817443329713e-01
9.999975138685585074e-01 -2.215547407455639110e-03 -2.522030674767944403e-04 2.215366180120155633e-03 9.999972893130334439e-01 -7.166025906363976405e-04 2.537900508450680048e-04 7.160420869219627504e-04 9.999997114371282914e-01
9.999970997626463909e-01 -1.275388217012765960e-03 2.043000536714439930e-03 1.281328544946196222e-03 9.999949479930411167e-01 -2.908983594634349107e-03 -2.039280132061491169e-03 2.911592912796308330e-03 9.999936819616678241e-01
9.999790059757864835e-01 -5.175697841697333296e-04 -6.459081141765132816e-03 5.297687236269551375e-04 9.999980791326642526e-01 1.887081365770003349e-03 6.458092038431895165e-03 -1.890463567510360099e-03 9.999773593410619110e-01
9.999964351851919897e-01 -2.666307621997484473e-03 1.429005656239032418e-04 2.666450807413733859e-03 9.999959335987632647e-01 -1.011348619663388765e-03 -1.402034179997929675e-04 1.011726051721461433e-03 9.999994783765630002e-01
9.999999236965414484e-01 1.553998298860753539e-04 3.584101057972355342e-04 -1.556232129378318609e-04 9.999997936284098499e-01 6.233173776144977987e-04 -3.583131684171195208e-04 -6.233731069854387200e-04 9.999997415087878982e-01
9.999971540066262543e-01 -2.163172849940070246e-03 1.006311020033444706e-03 2.161523845694522921e-03 9.999963242219396253e-01 1.636874238833001954e-03 -1.009848162969697455e-03 -1.634694415033770276e-03 9.999981539887247139e-01
9.999890821446683065e-01 -3.552689270913131272e-03 -3.035455551996898982e-03 3.557524435030460282e-03 9.999924095461691920e-01 1.588983933389300288e-03 3.029787345339984839e-03 -1.599765292390175828e-03 9.999941305526003354e-01
9.999201074767415376e-01 -3.045483558612839016e-03 -1.226799468518402492e-02 3.046426159842369457e-03 9.999953579424923911e-01 5.814738953433071927e-05 1.226776064952803114e-02 -9.551628393025422478e-05 9.999247436308819070e-01
9.999749292928786781e-01 -4.665279079067360772e-03 -5.326908748646875386e-03 4.653400918969043468e-03 9.999866639014364234e-01 -2.240062312173402709e-03 5.337288224307561169e-03 2.215217910161014492e-03 9.999833029426147268e-01
9.999868577199420017e-01 -2.010110207733247119e-03 -4.716338023206918632e-03 2.000067616706710343e-03 9.999957248600831461e-01 -2.133070811153242596e-03 4.720605567613279409e-03 2.123609782789590353e-03 9.999866029925429389e-01
9.999609243678703185e-01 -1.364884901005246343e-03 -8.734233026527499916e-03 1.370301292427307180e-03 9.999988725284578717e-01 6.141792743054180770e-04 8.733384894910319746e-03 -6.261238056666507124e-04 9.999616672439286535e-01
9.999576863952247541e-01 -2.122746773425249200e-03 -8.950942142854377559e-03 2.092652188834224266e-03 9.999921312620970726e-01 -3.370195944644216457e-03 8.958025782803968884e-03 3.351322130837608437e-03 9.999542601609584525e-01
9.999821659861418688e-01 8.313442820392631747e-05 -5.971666294375461981e-03 -8.506416853661048685e-05 9.999999442510870695e-01 -3.228961292881873946e-04 5.971639117676473540e-03 3.233983455822701802e-04 9.999821173099837646e-01
9.999885275410981267e-01 1.146144598640175391e-03 -4.650928804618134627e-03 -1.147988061989537812e-03 9.999992635559588061e-01 -3.937142991821684923e-04 4.650474125951917226e-03 3.990489930559195514e-04 9.999891068658222082e-01
9.999473830725931212e-01 1.581573474549686836e-03 -1.013556666478026592e-02 -1.590142477602151739e-03 9.999983850725897572e-01 -8.374360357771754894e-04 1.013422582995503543e-02 8.535089675543315775e-04 9.999482831573188735e-01
9.999407282989719592e-01 -3.754076668020604724e-04 -1.088112852625542151e-02 3.626400453008417563e-04 9.999992435546863900e-01 -1.175322190829098529e-03 1.088156152023823757e-02 1.171306594541940416e-03 9.999401080363475858e-01
9.999225035614155432e-01 1.287882676250235456e-03 -1.238257766715307462e-02 -1.296374583475371194e-03 9.999989300044199725e-01 -6.777927073175898931e-04 1.238169150036383392e-02 6.937926397622661001e-04 9.999231032271245212e-01
9.999512923516485907e-01 7.257550412346678269e-04 -9.843078984111741647e-03 -7.175750076192499846e-04 9.999993943056927348e-01 8.345503915954677332e-04 9.843678701368707706e-03 -8.274465951314466383e-04 9.999512074705229070e-01
9.999458836442359777e-01 1.512512038366003878e-03 -1.029281741227298236e-02 -1.508272405370302167e-03 9.999987745025153973e-01 4.196520203850508113e-04 1.029343952718387439e-02 -4.041049378705821593e-04 9.999469394932409827e-01
9.999148733499495512e-01 2.092276470302728737e-04 -1.304615948643693402e-02 -1.984866090010350363e-04 9.999996403191313554e-01 8.245997057337688119e-04 1.304632732303912662e-02 -8.219400223661750549e-04 9.999145552285854111e-01
9.999503824542850250e-01 6.240603281405915879e-04 -9.941990657619227678e-03 -6.139325295323777749e-04 9.999992895989666675e-01 1.021708574268368613e-03 9.942621202606912595e-03 -1.015554168123468382e-03 9.999500552194360292e-01
9.999716215867000546e-01 6.767967394927203303e-04 -7.503197147802698544e-03 -6.788611036991558205e-04 9.999997324216998162e-01 -2.725878397328920788e-04 7.503010653548804545e-03 2.776737328195437449e-04 9.999718134669750569e-01
